--> p = polyfit(x,y,11)

p = 

 Columns 1 to 9

   12.4644  -68.5541  130.0555  -71.0940  -38.2814  -14.1222   85.1018   -0.5642  -41.2861 

 Columns 10 to 12

   -0.0029    6.2832   -0.0000 

--> f = polyval(p,x);
--> plot(x,y,'r-',x,f,'ko');
