--> clock

ans = 

   1.0e+03 * 
    2.0120    0.0010    0.0190    0.0110    0.0490    0.0247 
