--> A = randn(512);
--> setprintlimit(10)
--> A

ans = 

 Columns 1 to 9

   -0.2514   -0.1353   -1.3148    1.7915   -0.4740   -1.6836   -0.2605    0.1477   -0.1555 
   -0.6206
Print limit has been reached.  Use setprintlimit function to enable longer printouts
--> setprintlimit(1000)
