--> x = clock

x = 

   1.0e+03 * 
    2.0120    0.0010    0.0190    0.0110    0.0490    0.0247 

--> sleep(1)
--> y = clock

y = 

   1.0e+03 * 
    2.0120    0.0010    0.0190    0.0110    0.0490    0.0257 

--> clocktotime(y) - clocktotime(x)

ans = 
    1.0020 
